N=256;

pbf=1000;

p=[0.01 0.02 0.03 0.04 0.05 0.06 0.07 0.08 0.09 0.1 0.11 0.12 0.13 0.14 0.15 0.16 0.17 0.18 0.19 0.2];

empty1=[0.5424    0.5487 0.5457 0.5389   0.5449 0.5344   0.5340 0.5398   0.5328 0.5237   0.5283 0.5248   0.5316 0.5155   0.5185 0.511   0.5112 0.5147   0.5049 0.5048];

trees1=[0.4372 0.4243   0.4242 0.4241   0.4102 0.4197   0.4141 0.4006   0.4043 0.4074  0.3971 0.3954   0.3847  0.3962  0.3894 0.3917   0.3871 0.379   0.3840 0.3936];

fires1=[0.0050 0.0116   0.0146 0.0215   0.0295 0.0305   0.0364 0.0441   0.0474 0.0535   0.0591 0.0644   0.0683 0.0729   0.0767 0.0819   0.0862 0.0908   0.0957 0.1016];



pbf=10000;

empty2=[0.4637    0.5222    0.5209    0.5520    0.5365    0.5276    0.5273    0.5334    0.5272    0.5325    0.5275    0.5159    0.5215    0.5177    0.5188    0.5177    0.5093    0.5143    0.5017    0.5022];

trees2=[0.5185    0.4513    0.4500    0.4122    0.4186    0.4270    0.4221    0.4083    0.4097    0.3993    0.3991    0.4092    0.3941    0.3905    0.3865    0.3841    0.3893    0.3784    0.3860    0.3801];

fires2=[0.0024    0.0110    0.0136    0.0204    0.0294    0.0300    0.0352    0.0428    0.0476    0.0528    0.0579    0.0594    0.0689    0.0764    0.0793    0.0827    0.0859    0.0919    0.0969    0.1023];


pbf=100000;

empty3 =[0.4425    0.5297    0.5382    0.5216    0.5245    0.5306    0.5174    0.5243    0.5363    0.5372    0.5301    0.5268    0.5218    0.5206    0.5152    0.5113    0.5080    0.5024    0.5046    0.4973];


trees3 =[0.5409    0.4453    0.4302    0.4412    0.4357    0.4242    0.4312    0.4179    0.3979    0.3975    0.3959    0.3940    0.3934    0.3896    0.3928    0.3892    0.3912    0.3907    0.3824    0.3854];


fires3 =[0.0012    0.0095    0.0161    0.0218    0.0244    0.0298    0.0359    0.0423    0.0504    0.0498    0.0585    0.0637    0.0694    0.0743    0.0766    0.0841    0.0854    0.0915    0.0975    0.1018];